page: 450

15. *By Seven Place Logarithms.*

From Aux. Table IV. Cents 665·507, art. 12.

	600 | cents | ·150 5150
	60 | „ | ·015 0515
	5 | „ | ·001 2543
	·5 | „ | ·000 1254
	·007 | „ | ·000 0018
	"" | "" | ·166 9480 = log 1·46875,

which is the more correct value of 47 ÷ 32, obtained by carrying the division one step further than in art. 7.

*Principal Table for the Calculation of Cents.*

	1 | 10006 | 00025 | 54 | 10317 | 01355 | 107 | 10638 | 02684 | 160 | 10968 | 04014
	¶ 2 | 12 | 50 | 55 | 23 | 380 | 108 | 44 | 709 | "" | "" | ""
	3 | 17 | 75 | 56 | 29 | 405 | 109 | 50 | 734 | 161 | 10974 | 04039
	4 | 23 | 00100 | 57 | 35 | 430 | 110 | 56 | 760 | 162 | 81 | 064
	5 | 29 | 125 | 58 | 41 | 455 | "" | "" | "" | 163 | 87 | 089
	6 | 35 | 151 | 59 | 47 | 480 | 111 | 10662 | 02785 | 164 | 94 | 114
	7 | 40 | 176 | 60 | 53 | 505 | 112 | 69 | 810 | 165 | 11000 | 139
	8 | 46 | 201 | "" | "" | "" | 113 | 75 | 835 | 166 | 06 | 164
	9 | 52 | 226 | 61 | 10359 | 01530 | 114 | 81 | 860 | 167 | 13 | 189
	10 | 58 | 251 | 62 | 65 | 555 | 115 | 87 | 885 | 168 | 19 | 214
	"" | "" | "" | 63 | 71 | 580 | 116 | 93 | 910 | 169 | 26 | 240
	11 | 10064 | 00276 | 64 | 77 | 605 | 117 | 99 | 935 | 170 | 32 | 265
	12 | 69 | 301 | 65 | 83 | 631 | 118 | 10705 | 960 | "" | "" | ""
	13 | 75 | 326 | 66 | 89 | 656 | 119 | 11 | 985 | 171 | 11038 | 04290
	14 | 81 | 351 | 67 | 95 | 681 | 120 | 18 | 03010 | 172 | 45 | 315
	15 | 87 | 376 | 68 | 10401 | 706 | "" | "" | "" | 173 | 51 | 340
	16 | 93 | 401 | 69 | 07 | 731 | 121 | 10724 | 03035 | 174 | 57 | 365
	17 | 99 | 427 | 70 | 13 | 756 | 122 | 30 | 061 | 175 | 64 | 390
	18 | 10105 | 452 | "" | "" | "" | 123 | 37 | 086 | 176 | 70 | 415
	19 | 10 | 477 | 71 | 10419 | 01781 | 124 | 43 | 111 | 177 | 76 | 440
	¶ 20 | 16 | 502 | 72 | 25 | 806 | 125 | 49 | 136 | 178 | 83 | 465
	"" | "" | "" | 73 | 31 | 831 | 126 | 55 | 161 | 179 | 89 | 490
	21 | 10122 | 00527 | 74 | 37 | 856 | 127 | 61 | 186 | 180 | 96 | 516
	22 | 28 | 552 | 75 | 43 | 881 | 128 | 67 | 211 | "" | "" | ""
	23 | 34 | 577 | 76 | 49 | 907 | 129 | 74 | 236 | 181 | 11102 | 04541
	24 | 39 | 602 | 77 | 55 | 932 | 130 | 80 | 261 | 182 | 09 | 566
	25 | 45 | 627 | 78 | 61 | 957 | "" | "" | "" | 183 | 15 | 591
	26 | 51 | 652 | 79 | 67 | 982 | 131 | 10786 | 03286 | 184 | 22 | 616
	27 | 57 | 677 | 80 | 73 | 02007 | 132 | 92 | 311 | 185 | 28 | 641
	28 | 63 | 702 | "" | "" | "" | 133 | 99 | 337 | 186 | 34 | 666
	29 | 69 | 728 | 81 | 10479 | 02032 | 134 | 10805 | 362 | 187 | 41 | 691
	30 | 75 | 753 | 82 | 85 | 057 | 135 | 11 | 387 | 188 | 47 | 716
	"" | "" | "" | 83 | 91 | 082 | 136 | 17 | 412 | 189 | 53 | 741
	31 | 10181 | 00778 | 84 | 97 | 107 | 137 | 23 | 437 | 190 | 60 | 766
	32 | 87 | 803 | 85 | 10503 | 132 | 138 | 30 | 462 | "" | "" | ""
	33 | 93 | 828 | 86 | 09 | 157 | 139 | 36 | 487 | 191 | 11166 | 04791
	34 | 98 | 853 | 87 | 15 | 183 | 140 | 43 | 512 | 192 | 73 | 816
	35 | 10204 | 878 | 88 | 21 | 208 | "" | "" | "" | 193 | 79 | 842
	36 | 10 | 903 | 89 | 28 | 233 | 141 | 10849 | 03537 | 194 | 86 | 867
	¶ 37 | 16 | 928 | 90 | 34 | 258 | 142 | 55 | 562 | 195 | 92 | 892
	38 | 22 | 953 | "" | "" | "" | 143 | 61 | 587 | 196 | 99 | 917
	39 | 28 | 978 | 91 | 10540 | 02283 | 144 | 67 | 612 | 197 | 11205 | 942
	40 | 33 | 01003 | 92 | 46 | 308 | 145 | 74 | 637 | 198 | 12 | 967
	"" | "" | "" | 93 | 52 | 333 | 146 | 80 | 663 | 199 | 18 | 992
	41 | 10240 | 01029 | 94 | 58 | 358 | 147 | 86 | 688 | 200 | 25 | 05017
	42 | 46 | 054 | 95 | 64 | 383 | 148 | 93 | 713 | "" | "" | ""
	43 | 52 | 079 | 96 | 70 | 408 | 149 | 99 | 738 | 201 | 11231 | 05042
	44 | 57 | 104 | 97 | 76 | 433 | 150 | 10906 | 763 | 202 | 37 | 067
	45 | 63 | 128 | 98 | 82 | 458 | "" | "" | "" | 203 | 44 | 092
	46 | 69 | 154 | 99 | 88 | 484 | 151 | 10912 | 03788 | 204 | 50 | 118
	47 | 75 | 179 | 100 | 95 | 509 | 152 | 18 | 813 | 205 | 57 | 143
	48 | 81 | 204 | "" | "" | "" | 153 | 24 | 838 | 206 | 64 | 168
	49 | 87 | 229 | 101 | 10601 | 02534 | 154 | 30 | 863 | 207 | 70 | 193
	50 | 93 | 254 | 102 | 07 | 559 | 155 | 37 | 888 | 208 | 77 | 218
	"" | "" | "" | 103 | 13 | 584 | 156 | 43 | 913 | 209 | 83 | 243
	51 | 10299 | 01279 | 104 | 19 | 609 | 157 | 49 | 939 | 210 | 90 | 268
	52 | 10305 | 305 | 105 | 25 | 634 | 158 | 56 | 964 | "" | "" | ""
	53 | 11 | 330 | 106 | 32 | 659 | 159 | 62 | 989 | "" | "" | ""
