page: 540

^^Vowel Sound^^ *ō* ('^^oh^^')—*continued.*

	Voice | Pitches and Amplitudes of the First Six Partials
	No. | I. | II. | III. | IV. | V. | VI.
	"" | *d'* | *d''* | *a''* | *d'''* | *f'''*♯ | *a'''*
	1 | 119 | 76 | 5 | 1 | 3 | 2
	2 | 66 | 40 | 4 | 0 | 3 | 2
	5 | 27 | 42 | 6 | 4 | 2 | 1
	"" | *c'* | *c''* | *g''* | *c'''* | *e'''* | *g'''*
	1 | 110 | 160 | 15 | 10 | 10 | 7
	3 | 37 | 30 | 1 | 4 | 1 | 1
	4 | 54 | 25 | 0 | 3 | 2 | 1
	5 | 47 | 41 | 5 | 3 | 3 | 2
	¶ "" | *b* | *b'* | *f''*♯ | *b''* | *d'''*♯ | *f'''*♯
	1 | 70 | 126 | 15 | 14 | 6 | 1
	2 | 45 | 66 | 7 | 4 | 6 | 2
	3 | 36 | 31 | 2 | 4 | 1 | 0
	4 | 45 | 43 | 4 | 2 | 3 | 0
	5 | 47 | 61 | 2 | 14 | 8 | 2
	"" | *b*♭ | *b'*♭ | *f''* | *b''*♭ | *d'''* | *f'''*
	1 | 75 | 185 | 13 | 8 | 11 | 1
	2 | 49 | 104 | 18 | 6 | 4 | 2
	4 | 25 | 82 | 5 | 7 | 1 | 2
	5 | 48 | 70 | 13 | 7 | 1 | 3
	"" | *a* | *a'* | *e''* | *a''* | *c'''*♯ | *e'''*
	1 | 125 | 190 | 25 | 22 | 5 | 2
	2 | 32 | 58 | 6 | 8 | 6 | 2
	¶ 3 | 40 | 36 | 4 | 4 | 3 | 2
	4 | 16 | 54 | 4 | 4 | 1 | 1
	5 | 40 | 68 | 10 | 8 | 3 | 0
	"" | *g* | *g'* | *d''* | *g''* | *b''* | *d'''*
	1 | 69 | 103 | 27 | 6 | 2 | 2
	2 | 23 | 51 | 14 | 3 | 2 | 2
	3 | 46 | 29 | 2 | 2 | 2 | 1
	4 | 33 | 44 | 7 | 2 | 1 | 2
	5 | 32 | 50 | 3 | 6 | 1 | 2
	"" | *f*♯ | *f'*♯ | *c''*♯ | *f''*♯ | *a''*♯ | *c'''*♯
	2 | 18 | 58 | 15 | 3 | 1 | 0
	4 | 28 | 62 | 10 | 2 | 3 | 2
	"" | *f* | *f'* | *c''* | *f''* | *a''* | *c'''*
	1 | 55 | 140 | 45 | 4 | 8 | 1
	3 | 25 | 37 | 11 | 3 | 4 | 2
	¶ 5 | 70 | 109 | 58 | 13 | 12 | 5
	"" | *e* | *e'* | *b'* | *e''* | *g''*♯ | *b''*
	1 | 72 | 131 | 73 | 7 | 10 | 4
	3 | 40 | 67 | 35 | 5 | 5 | 2
	4 | 25 | 49 | 21 | 6 | 6 | 0
	5 | 41 | 88 | 64 | 13 | 5 | 2
	"" | *d* | *d'* | *a'* | *d''* | *f''*♯ | *a''*
	1 | 44 | 134 | 82 | 16 | 22 | 10
	3 | 27 | 61 | 38 | 19 | 4 | 2
	4 | 20 | 46 | 21 | 3 | 4 | 1
	5 | 33 | 72 | 56 | 5 | 7 | 2
	"" | *c* | *c'* | *a'* | *c''* | *e''* | *g''*
	1 | 18 | 95 | 61 | 33 | 3 | 0
	3 | 19 | 48 | 33 | 18 | 2 | 4
