0049 | Fig. 14 | 0.55 0.81 0.86 0.90 |
0050 | Fig. 15 | 0.60 0.13 0.91 0.23 |
0050 | Fig. 16 | 0.14 0.32 0.43 0.38 |
0050 | Fig. 18 | 0.55 0.47 0.92 0.80 |
0051 | Fig. 17 | 0.12 0.15 0.88 0.80 |
0052 | Fig. 19 | 0.60 0.43 0.90 0.73 |
0053 | Fig. 20 | 0.12 0.38 0.86 0.92 |
0054 | Fig. 21 | 0.16 0.22 0.88 0.77 |
0055 | none | |
0056 | none | |
0057 | none | |
0058 | Fig. 22 | 0.19 0.36 0.48 0.69 |
0058 | Fig. 23 | 0.17 0.74 0.42 0.89 |
0058 | Fig. 24 | 0.72 0.75 0.93 0.89 |
0059 | Fig. 25 | 0.04 0.197 0.31 0.336 | | 0.004
0059 | Fig. 26 | 0.59 0.18 0.84 0.52 |
0060 | Fig. 27 | 0.18 0.17 0.70 0.50 |
0061 | none | |
0062 | none | |
0075 | Fig. 28 | 0.06 0.19 0.35 0.57 |
0075 | Fig. 29 | 0.57 0.42 0.85 0.94 |
