0422 | Fig. 67 | 0.19 0.46 0.85 0.90 |
0423 | Fig. 68 | 0.16 0.43 0.82 0.88 | THE "PULL-UP" APPARATUS.
0424 | none | |
0425 | Fig. 69 | 0.17 0.40 0.80 0.88 | Commode, 3 ft. 3 in. high, 1 ft. 11 in. wide, 2 ft. 2 in. deep.
0426 | none | |
0427 | none | |
0428 | Fig. 70 | 0.23 0.13 0.84 0.67 |
0457 | Fig. 71 | 0.10 0.12 0.87 0.70 |
0458 | Fig. 72 | 0.16 0.19 0.96 0.45 |
0458 | Fig. 73 | 0.16 0.65 0.96 0.91 |
0459 | Fig. 74 | 0.09 0.38 0.89 0.64 |
0468 | Fig. 75 | 0.16 0.10 0.96 0.88 |
0469 | none | |
0470 | Fig. 76 | 0.11 0.20 0.59 0.78 |
0471 | Fig. 77 | 0.44 0.21 0.91 0.76 |
