0141 | none | |
0142 | Fig. 56 | 0.14 0.46 0.62 0.68 |
0164 | Fig. 57 | 0.09 0.54 0.50 0.77 |
0165 | Fig. 58 | 0.09 0.19 0.45 0.44 |
0165 | Fig. 59 | 0.54 0.56 0.89 0.76 |
0166 | Fig. 60 | 0.11 0.32 0.35 0.67 |
0174 | Fig. 61 | 0.15 0.252 0.46 0.47 | | 0.002
0177 | none | |
0178 | Fig. 62 | 0.12 0.19 0.52 0.39 |
0178 | Fig. 63 | 0.57 0.65 0.94 0.84 |
0398 | none | |
0399 | Fig. 64 | 0.08 0.36 0.72 0.76 |
0400 | Fig. 65 | 0.77 0.49 0.92 0.91 |
0401 | Fig. 66 | 0.08 0.39 0.33 0.65 |
0402 | none | |
0403 | none | |
0421 | none | |
