0110 | none | |
0111 | Fig. 45 | 0.07 0.10 0.88 0.88 |
0112 | none | |
0113 | Fig. 46 | 0.07 0.19 0.52 0.53 |
0114 | Fig. 47 | 0.14 0.19 0.68 0.56 |
0118 | none | |
0119 | Fig. 48 | 0.04 0.64 0.34 0.77 |
0120 | none | |
0121 | Fig. 49 | 0.04 0.19 0.43 0.47 |
0122 | Fig. 50 | 0.13 0.29 0.52 0.73 |
0127 | Fig. 51 | 0.07 0.700 0.41 0.745 |
0127 | Fig. 52 | 0.06 0.835 0.31 0.892 |
0128 | Fig. 53 | 0.12 0.23 0.35 0.73 |
0129 | Fig. 54 | 0.08 0.61 0.33 0.81 |
0135 | none | |
0136 | Fig. 55 | 0.12 0.66 0.23 0.81 |
