0008 | frontispiece | 0.07 0.03 0.94 0.92 | 
0009 | title | 0.07 0.04 0.94 0.96 | 
0031 | vignette | 0.13 0.06 0.86 0.66 | 
0037 | vignette | 0.12 0.08 0.87 0.60 | 
0038 | none | |
0039 | none | |
0040 | Fig. 1 | 0.14 0.15 0.90 0.84 | 
0041 | Fig. 2 | 0.08 0.16 0.34 0.47 | 
0041 | Fig. 3 | 0.36 0.52 0.85 0.92 | 
0042 | Fig. 4 | 0.16 0.19 0.84 0.54 | 
0043 | Fig. 5 | 0.10 0.19 0.82 0.57 | 
0043 | Fig. 6 | 0.07 0.71 0.42 0.82 | 
0044 | Fig. 7 | 0.16 0.30 0.86 0.52 | 
0044 | Fig. 8 | 0.155 0.722 0.40 0.752 | | 0.004
0045 | Fig. 9 | 0.08 0.26 0.58 0.35 | 
0045 | Fig. 10 | 0.10 0.54 0.50 0.64 | 
0045 | Fig. 11 | 0.63 0.55 0.86 0.64 | 
0046 | none | |
0047 | Fig. 12 | 0.16 0.12 0.80 0.85 | 
0048 | Fig. 13 | 0.15 0.34 0.89 0.82 | 
