0076 | none | |
0078 | Fig. 30 | 0.16 0.30 0.52 0.80 | 
0082 | Fig. 31 | 0.13 0.35 0.55 0.50 | 
0082 | Fig. 32 | 0.48 0.62 0.90 0.76 | 
0082 | Fig. 33 | 0.12 0.829 0.56 0.866 | | 0.002
0084 | Fig. 34 | 0.12 0.20 0.93 0.62 | 
0086 | none | |
0088 | Fig. 37 | 0.14 0.23 0.89 0.72 | 
0101 | none | |
0102 | Fig. 38 | 0.12 0.21 0.66 0.58 | 
0103 | Fig. 39 | 0.27 0.22 0.90 0.58 | 
0104 | none | |
0105 | Fig. 40 | 0.07 0.46 0.40 0.69 | 
0105 | Fig. 41 | 0.57 0.72 0.89 0.92 | 
0106 | Fig. 42 | 0.17 0.18 0.62 0.52 | 
0106 | Fig. 43 | 0.61 0.61 0.94 0.77 | 
0107 | none | |
0108 | none | |
0109 | Fig. 44 | 0.08 0.57 0.50 0.86 | 
0085 | Fig. 35 | 0.04 0.18 0.26 0.31 | Model Stove.
0085 | Fig. 36 | 0.63 0.18 0.84 0.30 | Ordinary Stove.
